# FONTS.DAT
# this file contains the proportional values for each font used

[FONT_ID]
0

[PROP]
10  8 10 16 15 24 19 12  9  9 21 15  6 11  6  9      
18 10 16 17 16 16 17 15 16 17  7  7 13 14 13 15   
10 18 19 21 20 18 17 23 21  8 16 19 16 24 21 22  
18 23 20 18 16 20 18 26 17 17 17  9  9  9  8 20     
 5 16 18 16 18 17  9 18 17  7  7 16  7 26 17 17    
18 18 10 15  9 17 14 21 14 15 14 19 11 19 13 13 
18 18 18 18 28 21 18 18 18 18  8  8  8  8 22 22     
22 22 20 20 20 20 18 16 16 16 16 28 16 17 17 17 
17  7  7  7  7 17 17 17 17 17 17 17 17 21 17 15 
19
[\PROP]

[FONT_ID]
1

[PROP]
 9  7 11 10 12 20 16  6  9  9 15 13  6  8  6  8
17  8 15 15 15 14 14 12 14 14  6  6 12 13 12 16  
14 15 16 16 17 13 13 18 17  7 16 14 13 20 16 19 
15 19 16 16 14 16 14 22 14 14 16 16  8 32  7 12  
18 14 13 11 14 11  9 14 13  7  6 13  8 20 14 12   
14 13 12 11  8 14 10 17 14 13 13 11  7 16 16 16 
16 15 16 16 23 16 13 13 13 13  7  7  7  7 19 19    
19 19 16 16 16 16 15 14 14 14 14 20 11 11 11 11
11  7  7  7  7 12 12 12 12 14 14 14 14 16 14 19
20
[\PROP]

[FONT_ID]
2

[PROP]
12  6 21 24 22 26 20 16 12 12 12 18 10 18 20 20 # !
22 20 21 20 21 21 21 21 21 21 17 10 16 20 20 20 # 0
12 21 21 21 21 19 18 21 21 10 21 21 16 28 19 21 # a
20 21 21 19 21 21 21 32 21 23 23 23 21 21  7 21 # p
12 21 21 21 21 19 18 21 21 10 21 21 16 28 19 21 # a
20 21 21 19 21 21 21 32 21 23 23 23 21 21  7 21 # p
22 21 21 27 27 27 27 27 28 28 28 28 27 27 27 26 # o
22 21 21 21 21 21 21 21 21 21 21 21 21 21 21 21 #
21 21 19 21 21 21 21 21 21 19 19 19 11 21 21 20 #
21
[\PROP]

[FONT_ID]
3

[PROP]
 4  7 16 17 15 24 16 10 12 12 15 13 10 10 10 13
17 11 16 17 16 16 16 14 16 16  9  9 15 14 15 16  
16 16 16 16 17 14 15 16 16  9 14 16 14 23 17 17 
16 16 16 16 16 17 16 24 16 16 17 16 13 32  9 12  
18 16 17 16 16 16 11 16 16  9 10 18  8 23 16 16   
16 16 12 14 12 16 16 23 16 15 15 12  9 16 17 17 
16 16 16 16 16 16 16 16 16 16 16 16 16 16 16 16    
19 19 16 16 16 16 16 16 16 16 16 20 16 16 16 16
16 16 16 16 16 16 16 16 16 16 16 16 16 16 16 19
10
[\PROP]

# eof